predictor,baseline_ispline_weight,scenario_ispline_weight,delta_ispline_weight,distance,assemblage_id,scenario,scenario_family,baseline_scenario,unit_type,iter
Geographic,1.5476956324200108,1.5476956324200108,0,Bray-Curtis,araneae_pitfall,rtu_mixed_best_available,workflow,rtu_mixed_best_available,mixed_RTU,1
mos,1.6056078738075623,1.6056078738075623,0,Bray-Curtis,araneae_pitfall,rtu_mixed_best_available,workflow,rtu_mixed_best_available,mixed_RTU,1
p_h,0.9471251759881505,0.9471251759881505,0,Bray-Curtis,araneae_pitfall,rtu_mixed_best_available,workflow,rtu_mixed_best_available,mixed_RTU,1
t360_mean,0.49670357228242934,0.49670357228242934,0,Bray-Curtis,araneae_pitfall,rtu_mixed_best_available,workflow,rtu_mixed_best_available,mixed_RTU,1
Geographic,0.8026487253375735,0.8026487253375735,0,Sørensen,araneae_pitfall,rtu_mixed_best_available,workflow,rtu_mixed_best_available,mixed_RTU,1
mos,1.0352595682326147,1.0352595682326147,0,Sørensen,araneae_pitfall,rtu_mixed_best_available,workflow,rtu_mixed_best_available,mixed_RTU,1
p_h,0.643831447775649,0.643831447775649,0,Sørensen,araneae_pitfall,rtu_mixed_best_available,workflow,rtu_mixed_best_available,mixed_RTU,1
t360_mean,0.912989776532266,0.912989776532266,0,Sørensen,araneae_pitfall,rtu_mixed_best_available,workflow,rtu_mixed_best_available,mixed_RTU,1
Geographic,1.5476956324200108,1.4283364803891756,-0.11935915203083525,Bray-Curtis,araneae_pitfall,rtu_species_only_drop_unresolved,workflow,rtu_mixed_best_available,species_only,1
mos,1.6056078738075623,1.543006046839468,-0.06260182696809435,Bray-Curtis,araneae_pitfall,rtu_species_only_drop_unresolved,workflow,rtu_mixed_best_available,species_only,1
p_h,0.9471251759881505,1.4199243388242537,0.47279916283610324,Bray-Curtis,araneae_pitfall,rtu_species_only_drop_unresolved,workflow,rtu_mixed_best_available,species_only,1
t360_mean,0.49670357228242934,3.04197354062232,2.5452699683398903,Bray-Curtis,araneae_pitfall,rtu_species_only_drop_unresolved,workflow,rtu_mixed_best_available,species_only,1
Geographic,0.8026487253375735,1.0441512519075722,0.2415025265699987,Sørensen,araneae_pitfall,rtu_species_only_drop_unresolved,workflow,rtu_mixed_best_available,species_only,1
mos,1.0352595682326147,1.1022841098370493,0.0670245416044346,Sørensen,araneae_pitfall,rtu_species_only_drop_unresolved,workflow,rtu_mixed_best_available,species_only,1
p_h,0.643831447775649,1.2354283202223237,0.5915968724466747,Sørensen,araneae_pitfall,rtu_species_only_drop_unresolved,workflow,rtu_mixed_best_available,species_only,1
t360_mean,0.912989776532266,2.389340221044481,1.476350444512215,Sørensen,araneae_pitfall,rtu_species_only_drop_unresolved,workflow,rtu_mixed_best_available,species_only,1
Geographic,1.5476956324200108,1.5078255703138035,-0.03987006210620736,Bray-Curtis,araneae_pitfall,rtu_rare_species_to_genus,workflow,rtu_mixed_best_available,mixed_RTU,1
mos,1.6056078738075623,1.5145343547745664,-0.09107351903299588,Bray-Curtis,araneae_pitfall,rtu_rare_species_to_genus,workflow,rtu_mixed_best_available,mixed_RTU,1
p_h,0.9471251759881505,0.8877451420836758,-0.05938003390447466,Bray-Curtis,araneae_pitfall,rtu_rare_species_to_genus,workflow,rtu_mixed_best_available,mixed_RTU,1
t360_mean,0.49670357228242934,0.4897937300976497,-0.006909842184779635,Bray-Curtis,araneae_pitfall,rtu_rare_species_to_genus,workflow,rtu_mixed_best_available,mixed_RTU,1
Geographic,0.8026487253375735,0.8136266076636418,0.010977882326068333,Sørensen,araneae_pitfall,rtu_rare_species_to_genus,workflow,rtu_mixed_best_available,mixed_RTU,1
mos,1.0352595682326147,0.9676446615126211,-0.0676149067199936,Sørensen,araneae_pitfall,rtu_rare_species_to_genus,workflow,rtu_mixed_best_available,mixed_RTU,1
p_h,0.643831447775649,0.5829876431930138,-0.060843804582635275,Sørensen,araneae_pitfall,rtu_rare_species_to_genus,workflow,rtu_mixed_best_available,mixed_RTU,1
t360_mean,0.912989776532266,0.8255968946372738,-0.08739288189499217,Sørensen,araneae_pitfall,rtu_rare_species_to_genus,workflow,rtu_mixed_best_available,mixed_RTU,1
Geographic,1.5476956324200108,1.4932167778340018,-0.054478854586009096,Bray-Curtis,araneae_pitfall,adult_only_strict,ontogenetic_filtering,rtu_mixed_best_available,adult_RTU,1
mos,1.6056078738075623,1.7188178308282187,0.1132099570206564,Bray-Curtis,araneae_pitfall,adult_only_strict,ontogenetic_filtering,rtu_mixed_best_available,adult_RTU,1
p_h,0.9471251759881505,1.4458477895878232,0.49872261359967274,Bray-Curtis,araneae_pitfall,adult_only_strict,ontogenetic_filtering,rtu_mixed_best_available,adult_RTU,1
t360_mean,0.49670357228242934,1.4076611384463031,0.9109575661638738,Bray-Curtis,araneae_pitfall,adult_only_strict,ontogenetic_filtering,rtu_mixed_best_available,adult_RTU,1
Geographic,0.8026487253375735,1.1876914262436886,0.38504270090611514,Sørensen,araneae_pitfall,adult_only_strict,ontogenetic_filtering,rtu_mixed_best_available,adult_RTU,1
mos,1.0352595682326147,1.1448455020953354,0.10958593386272075,Sørensen,araneae_pitfall,adult_only_strict,ontogenetic_filtering,rtu_mixed_best_available,adult_RTU,1
p_h,0.643831447775649,1.1559706810043289,0.5121392332286798,Sørensen,araneae_pitfall,adult_only_strict,ontogenetic_filtering,rtu_mixed_best_available,adult_RTU,1
t360_mean,0.912989776532266,1.7442316788242667,0.8312419022920007,Sørensen,araneae_pitfall,adult_only_strict,ontogenetic_filtering,rtu_mixed_best_available,adult_RTU,1
Geographic,1.739818864336478,1.739818864336478,0,Bray-Curtis,araneae_pitfall,rtu_mixed_genus_resolvable,resolution_genus,rtu_mixed_genus_resolvable,genus_resolvable_RTU,1
mos,1.5986318364141427,1.5986318364141427,0,Bray-Curtis,araneae_pitfall,rtu_mixed_genus_resolvable,resolution_genus,rtu_mixed_genus_resolvable,genus_resolvable_RTU,1
p_h,1.0856571421770316,1.0856571421770316,0,Bray-Curtis,araneae_pitfall,rtu_mixed_genus_resolvable,resolution_genus,rtu_mixed_genus_resolvable,genus_resolvable_RTU,1
t360_mean,0.896604039312448,0.896604039312448,0,Bray-Curtis,araneae_pitfall,rtu_mixed_genus_resolvable,resolution_genus,rtu_mixed_genus_resolvable,genus_resolvable_RTU,1
Geographic,1.205064902019431,1.205064902019431,0,Sørensen,araneae_pitfall,rtu_mixed_genus_resolvable,resolution_genus,rtu_mixed_genus_resolvable,genus_resolvable_RTU,1
mos,0.9849081599695839,0.9849081599695839,0,Sørensen,araneae_pitfall,rtu_mixed_genus_resolvable,resolution_genus,rtu_mixed_genus_resolvable,genus_resolvable_RTU,1
p_h,0.740605948361055,0.740605948361055,0,Sørensen,araneae_pitfall,rtu_mixed_genus_resolvable,resolution_genus,rtu_mixed_genus_resolvable,genus_resolvable_RTU,1
t360_mean,1.4253188506844856,1.4253188506844856,0,Sørensen,araneae_pitfall,rtu_mixed_genus_resolvable,resolution_genus,rtu_mixed_genus_resolvable,genus_resolvable_RTU,1
Geographic,1.739818864336478,2.2050568941938837,0.4652380298574057,Bray-Curtis,araneae_pitfall,rtu_genus_level,resolution_genus,rtu_mixed_genus_resolvable,genus_units,1
mos,1.5986318364141427,0.40198301245524537,-1.1966488239588973,Bray-Curtis,araneae_pitfall,rtu_genus_level,resolution_genus,rtu_mixed_genus_resolvable,genus_units,1
p_h,1.0856571421770316,0.22808277238792693,-0.8575743697891046,Bray-Curtis,araneae_pitfall,rtu_genus_level,resolution_genus,rtu_mixed_genus_resolvable,genus_units,1
t360_mean,0.896604039312448,0.6413461451748761,-0.25525789413757194,Bray-Curtis,araneae_pitfall,rtu_genus_level,resolution_genus,rtu_mixed_genus_resolvable,genus_units,1
Geographic,1.205064902019431,0.537905354267519,-0.6671595477519121,Sørensen,araneae_pitfall,rtu_genus_level,resolution_genus,rtu_mixed_genus_resolvable,genus_units,1
mos,0.9849081599695839,0.7875600173816948,-0.19734814258788913,Sørensen,araneae_pitfall,rtu_genus_level,resolution_genus,rtu_mixed_genus_resolvable,genus_units,1
p_h,0.740605948361055,0.4095992354391103,-0.33100671292194467,Sørensen,araneae_pitfall,rtu_genus_level,resolution_genus,rtu_mixed_genus_resolvable,genus_units,1
t360_mean,1.4253188506844856,0.7939976066243942,-0.6313212440600914,Sørensen,araneae_pitfall,rtu_genus_level,resolution_genus,rtu_mixed_genus_resolvable,genus_units,1
Geographic,1.5476956324200108,1.5476956324200108,0,Bray-Curtis,araneae_pitfall,rtu_mixed_family_resolvable,resolution_family,rtu_mixed_family_resolvable,family_resolvable_RTU,1
mos,1.6056078738075623,1.6056078738075623,0,Bray-Curtis,araneae_pitfall,rtu_mixed_family_resolvable,resolution_family,rtu_mixed_family_resolvable,family_resolvable_RTU,1
p_h,0.9471251759881505,0.9471251759881505,0,Bray-Curtis,araneae_pitfall,rtu_mixed_family_resolvable,resolution_family,rtu_mixed_family_resolvable,family_resolvable_RTU,1
t360_mean,0.49670357228242934,0.49670357228242934,0,Bray-Curtis,araneae_pitfall,rtu_mixed_family_resolvable,resolution_family,rtu_mixed_family_resolvable,family_resolvable_RTU,1
Geographic,0.8026487253375735,0.8026487253375735,0,Sørensen,araneae_pitfall,rtu_mixed_family_resolvable,resolution_family,rtu_mixed_family_resolvable,family_resolvable_RTU,1
mos,1.0352595682326147,1.0352595682326147,0,Sørensen,araneae_pitfall,rtu_mixed_family_resolvable,resolution_family,rtu_mixed_family_resolvable,family_resolvable_RTU,1
p_h,0.643831447775649,0.643831447775649,0,Sørensen,araneae_pitfall,rtu_mixed_family_resolvable,resolution_family,rtu_mixed_family_resolvable,family_resolvable_RTU,1
t360_mean,0.912989776532266,0.912989776532266,0,Sørensen,araneae_pitfall,rtu_mixed_family_resolvable,resolution_family,rtu_mixed_family_resolvable,family_resolvable_RTU,1
Geographic,1.5476956324200108,1.6878040491938782,0.14010841677386732,Bray-Curtis,araneae_pitfall,rtu_family_level,resolution_family,rtu_mixed_family_resolvable,family_units,1
mos,1.6056078738075623,0.4537858817525725,-1.1518219920549897,Bray-Curtis,araneae_pitfall,rtu_family_level,resolution_family,rtu_mixed_family_resolvable,family_units,1
p_h,0.9471251759881505,0.04325181920755182,-0.9038733567805987,Bray-Curtis,araneae_pitfall,rtu_family_level,resolution_family,rtu_mixed_family_resolvable,family_units,1
t360_mean,0.49670357228242934,0.3270510392641415,-0.16965253301828787,Bray-Curtis,araneae_pitfall,rtu_family_level,resolution_family,rtu_mixed_family_resolvable,family_units,1
Geographic,0.8026487253375735,0.077695961356894,-0.7249527639806794,Sørensen,araneae_pitfall,rtu_family_level,resolution_family,rtu_mixed_family_resolvable,family_units,1
mos,1.0352595682326147,0.2873522681211202,-0.7479073001114944,Sørensen,araneae_pitfall,rtu_family_level,resolution_family,rtu_mixed_family_resolvable,family_units,1
p_h,0.643831447775649,0.09493368736576734,-0.5488977604098817,Sørensen,araneae_pitfall,rtu_family_level,resolution_family,rtu_mixed_family_resolvable,family_units,1
t360_mean,0.912989776532266,0.10523440945529759,-0.8077553670769684,Sørensen,araneae_pitfall,rtu_family_level,resolution_family,rtu_mixed_family_resolvable,family_units,1
Geographic,1.4283364803891756,1.4283364803891756,0,Bray-Curtis,araneae_pitfall,species_baseline,species_error,species_baseline,species_units,1
mos,1.543006046839468,1.543006046839468,0,Bray-Curtis,araneae_pitfall,species_baseline,species_error,species_baseline,species_units,1
p_h,1.4199243388242537,1.4199243388242537,0,Bray-Curtis,araneae_pitfall,species_baseline,species_error,species_baseline,species_units,1
t360_mean,3.04197354062232,3.04197354062232,0,Bray-Curtis,araneae_pitfall,species_baseline,species_error,species_baseline,species_units,1
Geographic,1.0441512519075722,1.0441512519075722,0,Sørensen,araneae_pitfall,species_baseline,species_error,species_baseline,species_units,1
mos,1.1022841098370493,1.1022841098370493,0,Sørensen,araneae_pitfall,species_baseline,species_error,species_baseline,species_units,1
p_h,1.2354283202223237,1.2354283202223237,0,Sørensen,araneae_pitfall,species_baseline,species_error,species_baseline,species_units,1
t360_mean,2.389340221044481,2.389340221044481,0,Sørensen,araneae_pitfall,species_baseline,species_error,species_baseline,species_units,1
Geographic,1.4283364803891756,1.5108514743961052,0.08251499400692963,Bray-Curtis,araneae_pitfall,species_observed_congeneric_10pct,species_error_observed_pool,species_baseline,species_units,1
mos,1.543006046839468,1.3594084761529062,-0.1835975706865618,Bray-Curtis,araneae_pitfall,species_observed_congeneric_10pct,species_error_observed_pool,species_baseline,species_units,1
p_h,1.4199243388242537,1.3257968049937683,-0.09412753383048544,Bray-Curtis,araneae_pitfall,species_observed_congeneric_10pct,species_error_observed_pool,species_baseline,species_units,1
t360_mean,3.04197354062232,2.389546820955907,-0.6524267196664129,Bray-Curtis,araneae_pitfall,species_observed_congeneric_10pct,species_error_observed_pool,species_baseline,species_units,1
Geographic,1.0441512519075722,1.0297232411585697,-0.014428010749002462,Sørensen,araneae_pitfall,species_observed_congeneric_10pct,species_error_observed_pool,species_baseline,species_units,1
mos,1.1022841098370493,1.0265658846308305,-0.07571822520621874,Sørensen,araneae_pitfall,species_observed_congeneric_10pct,species_error_observed_pool,species_baseline,species_units,1
p_h,1.2354283202223237,1.1605809220670393,-0.0748473981552844,Sørensen,araneae_pitfall,species_observed_congeneric_10pct,species_error_observed_pool,species_baseline,species_units,1
t360_mean,2.389340221044481,2.0238560752092654,-0.3654841458352158,Sørensen,araneae_pitfall,species_observed_congeneric_10pct,species_error_observed_pool,species_baseline,species_units,1
Geographic,1.4283364803891756,1.6185910371818177,0.19025455679264214,Bray-Curtis,araneae_pitfall,species_observed_rare_weighted_10pct,species_error_rare_weighted,species_baseline,species_units,1
mos,1.543006046839468,1.3567254079380955,-0.18628063890137248,Bray-Curtis,araneae_pitfall,species_observed_rare_weighted_10pct,species_error_rare_weighted,species_baseline,species_units,1
p_h,1.4199243388242537,1.2040269814119686,-0.2158973574122851,Bray-Curtis,araneae_pitfall,species_observed_rare_weighted_10pct,species_error_rare_weighted,species_baseline,species_units,1
t360_mean,3.04197354062232,2.4054430766847763,-0.6365304639375435,Bray-Curtis,araneae_pitfall,species_observed_rare_weighted_10pct,species_error_rare_weighted,species_baseline,species_units,1
Geographic,1.0441512519075722,1.1455280337409934,0.10137678183342125,Sørensen,araneae_pitfall,species_observed_rare_weighted_10pct,species_error_rare_weighted,species_baseline,species_units,1
mos,1.1022841098370493,0.934318000486607,-0.16796610935044232,Sørensen,araneae_pitfall,species_observed_rare_weighted_10pct,species_error_rare_weighted,species_baseline,species_units,1
p_h,1.2354283202223237,0.9336592381801732,-0.3017690820421506,Sørensen,araneae_pitfall,species_observed_rare_weighted_10pct,species_error_rare_weighted,species_baseline,species_units,1
t360_mean,2.389340221044481,2.068152904440823,-0.32118731660365807,Sørensen,araneae_pitfall,species_observed_rare_weighted_10pct,species_error_rare_weighted,species_baseline,species_units,1
Geographic,1.4283364803891756,1.4134408002803103,-0.014895680108865328,Bray-Curtis,araneae_pitfall,species_regional_congeneric_10pct,species_error_regional_pool,species_baseline,species_units,1
mos,1.543006046839468,1.473272472411598,-0.06973357442786998,Bray-Curtis,araneae_pitfall,species_regional_congeneric_10pct,species_error_regional_pool,species_baseline,species_units,1
p_h,1.4199243388242537,1.3450024261606717,-0.07492191266358206,Bray-Curtis,araneae_pitfall,species_regional_congeneric_10pct,species_error_regional_pool,species_baseline,species_units,1
t360_mean,3.04197354062232,2.975919730379914,-0.06605381024240575,Bray-Curtis,araneae_pitfall,species_regional_congeneric_10pct,species_error_regional_pool,species_baseline,species_units,1
Geographic,1.0441512519075722,1.0046132651268496,-0.03953798678072262,Sørensen,araneae_pitfall,species_regional_congeneric_10pct,species_error_regional_pool,species_baseline,species_units,1
mos,1.1022841098370493,1.0961932488844692,-0.006090860952580046,Sørensen,araneae_pitfall,species_regional_congeneric_10pct,species_error_regional_pool,species_baseline,species_units,1
p_h,1.2354283202223237,1.130200786342181,-0.10522753388014272,Sørensen,araneae_pitfall,species_regional_congeneric_10pct,species_error_regional_pool,species_baseline,species_units,1
t360_mean,2.389340221044481,2.5687413910692527,0.17940117002477152,Sørensen,araneae_pitfall,species_regional_congeneric_10pct,species_error_regional_pool,species_baseline,species_units,1
Geographic,1.4283364803891756,1.4691943608735103,0.0408578804843347,Bray-Curtis,araneae_pitfall,species_observed_congeneric_10pct,species_error_observed_pool,species_baseline,species_units,2
mos,1.543006046839468,1.5696722772723066,0.026666230432838667,Bray-Curtis,araneae_pitfall,species_observed_congeneric_10pct,species_error_observed_pool,species_baseline,species_units,2
p_h,1.4199243388242537,1.3372567153395745,-0.08266762348467926,Bray-Curtis,araneae_pitfall,species_observed_congeneric_10pct,species_error_observed_pool,species_baseline,species_units,2
t360_mean,3.04197354062232,2.8934665992541264,-0.14850694136819342,Bray-Curtis,araneae_pitfall,species_observed_congeneric_10pct,species_error_observed_pool,species_baseline,species_units,2
Geographic,1.0441512519075722,1.1374800411343555,0.09332878922678334,Sørensen,araneae_pitfall,species_observed_congeneric_10pct,species_error_observed_pool,species_baseline,species_units,2
mos,1.1022841098370493,1.0909476067155408,-0.011336503121508468,Sørensen,araneae_pitfall,species_observed_congeneric_10pct,species_error_observed_pool,species_baseline,species_units,2
p_h,1.2354283202223237,1.156507889348477,-0.0789204308738467,Sørensen,araneae_pitfall,species_observed_congeneric_10pct,species_error_observed_pool,species_baseline,species_units,2
t360_mean,2.389340221044481,2.353730199130479,-0.03561002191400231,Sørensen,araneae_pitfall,species_observed_congeneric_10pct,species_error_observed_pool,species_baseline,species_units,2
Geographic,1.4283364803891756,1.4997884456019404,0.07145196521276476,Bray-Curtis,araneae_pitfall,species_observed_rare_weighted_10pct,species_error_rare_weighted,species_baseline,species_units,2
mos,1.543006046839468,1.4107773526408107,-0.13222869419865724,Bray-Curtis,araneae_pitfall,species_observed_rare_weighted_10pct,species_error_rare_weighted,species_baseline,species_units,2
p_h,1.4199243388242537,1.1487678525750642,-0.27115648624918953,Bray-Curtis,araneae_pitfall,species_observed_rare_weighted_10pct,species_error_rare_weighted,species_baseline,species_units,2
t360_mean,3.04197354062232,2.649559463367857,-0.39241407725446287,Bray-Curtis,araneae_pitfall,species_observed_rare_weighted_10pct,species_error_rare_weighted,species_baseline,species_units,2
Geographic,1.0441512519075722,1.044792160408077,6.409085005047999e-4,Sørensen,araneae_pitfall,species_observed_rare_weighted_10pct,species_error_rare_weighted,species_baseline,species_units,2
mos,1.1022841098370493,0.924694491430622,-0.17758961840642729,Sørensen,araneae_pitfall,species_observed_rare_weighted_10pct,species_error_rare_weighted,species_baseline,species_units,2
p_h,1.2354283202223237,0.9046480567311904,-0.3307802634911333,Sørensen,araneae_pitfall,species_observed_rare_weighted_10pct,species_error_rare_weighted,species_baseline,species_units,2
t360_mean,2.389340221044481,2.0040963698900636,-0.3852438511544176,Sørensen,araneae_pitfall,species_observed_rare_weighted_10pct,species_error_rare_weighted,species_baseline,species_units,2
Geographic,1.4283364803891756,1.4900558826483281,0.06171940225915251,Bray-Curtis,araneae_pitfall,species_regional_congeneric_10pct,species_error_regional_pool,species_baseline,species_units,2
mos,1.543006046839468,1.5483464602866186,0.005340413447150638,Bray-Curtis,araneae_pitfall,species_regional_congeneric_10pct,species_error_regional_pool,species_baseline,species_units,2
p_h,1.4199243388242537,1.3708381554568652,-0.04908618336738857,Bray-Curtis,araneae_pitfall,species_regional_congeneric_10pct,species_error_regional_pool,species_baseline,species_units,2
t360_mean,3.04197354062232,2.844144263840917,-0.19782927678140272,Bray-Curtis,araneae_pitfall,species_regional_congeneric_10pct,species_error_regional_pool,species_baseline,species_units,2
Geographic,1.0441512519075722,1.2297840654343837,0.1856328135268115,Sørensen,araneae_pitfall,species_regional_congeneric_10pct,species_error_regional_pool,species_baseline,species_units,2
mos,1.1022841098370493,1.1186441897338604,0.016360079896811097,Sørensen,araneae_pitfall,species_regional_congeneric_10pct,species_error_regional_pool,species_baseline,species_units,2
p_h,1.2354283202223237,1.1689624388426316,-0.06646588137969212,Sørensen,araneae_pitfall,species_regional_congeneric_10pct,species_error_regional_pool,species_baseline,species_units,2
t360_mean,2.389340221044481,2.313881458459334,-0.07545876258514728,Sørensen,araneae_pitfall,species_regional_congeneric_10pct,species_error_regional_pool,species_baseline,species_units,2
Geographic,1.4283364803891756,1.6535681191314355,0.22523163874225993,Bray-Curtis,araneae_pitfall,species_observed_congeneric_10pct,species_error_observed_pool,species_baseline,species_units,3
mos,1.543006046839468,1.3200608601924664,-0.22294518664700158,Bray-Curtis,araneae_pitfall,species_observed_congeneric_10pct,species_error_observed_pool,species_baseline,species_units,3
p_h,1.4199243388242537,1.3698941740072765,-0.050030164816977196,Bray-Curtis,araneae_pitfall,species_observed_congeneric_10pct,species_error_observed_pool,species_baseline,species_units,3
t360_mean,3.04197354062232,2.7430897081939913,-0.2988838324283285,Bray-Curtis,araneae_pitfall,species_observed_congeneric_10pct,species_error_observed_pool,species_baseline,species_units,3
Geographic,1.0441512519075722,1.0054777531538124,-0.038673498753759805,Sørensen,araneae_pitfall,species_observed_congeneric_10pct,species_error_observed_pool,species_baseline,species_units,3
mos,1.1022841098370493,0.955180135455526,-0.14710397438152323,Sørensen,araneae_pitfall,species_observed_congeneric_10pct,species_error_observed_pool,species_baseline,species_units,3
p_h,1.2354283202223237,1.1156177710562518,-0.11981054916607192,Sørensen,araneae_pitfall,species_observed_congeneric_10pct,species_error_observed_pool,species_baseline,species_units,3
t360_mean,2.389340221044481,2.227941252162059,-0.161398968882422,Sørensen,araneae_pitfall,species_observed_congeneric_10pct,species_error_observed_pool,species_baseline,species_units,3
Geographic,1.4283364803891756,1.4857657764677719,0.05742929607859626,Bray-Curtis,araneae_pitfall,species_observed_rare_weighted_10pct,species_error_rare_weighted,species_baseline,species_units,3
mos,1.543006046839468,1.43693607897886,-0.10606996786060785,Bray-Curtis,araneae_pitfall,species_observed_rare_weighted_10pct,species_error_rare_weighted,species_baseline,species_units,3
p_h,1.4199243388242537,1.2598692466108643,-0.16005509221338943,Bray-Curtis,araneae_pitfall,species_observed_rare_weighted_10pct,species_error_rare_weighted,species_baseline,species_units,3
t360_mean,3.04197354062232,2.5444785865646264,-0.4974949540576934,Bray-Curtis,araneae_pitfall,species_observed_rare_weighted_10pct,species_error_rare_weighted,species_baseline,species_units,3
Geographic,1.0441512519075722,1.1209377840585877,0.0767865321510155,Sørensen,araneae_pitfall,species_observed_rare_weighted_10pct,species_error_rare_weighted,species_baseline,species_units,3
mos,1.1022841098370493,0.9957200712947976,-0.10656403854225172,Sørensen,araneae_pitfall,species_observed_rare_weighted_10pct,species_error_rare_weighted,species_baseline,species_units,3
p_h,1.2354283202223237,0.9170095732727502,-0.3184187469495735,Sørensen,araneae_pitfall,species_observed_rare_weighted_10pct,species_error_rare_weighted,species_baseline,species_units,3
t360_mean,2.389340221044481,1.9520001423228461,-0.43734007872163505,Sørensen,araneae_pitfall,species_observed_rare_weighted_10pct,species_error_rare_weighted,species_baseline,species_units,3
Geographic,1.4283364803891756,1.5738701702646376,0.145533689875462,Bray-Curtis,araneae_pitfall,species_regional_congeneric_10pct,species_error_regional_pool,species_baseline,species_units,3
mos,1.543006046839468,1.3297321897862442,-0.21327385705322377,Bray-Curtis,araneae_pitfall,species_regional_congeneric_10pct,species_error_regional_pool,species_baseline,species_units,3
p_h,1.4199243388242537,1.3847664400509638,-0.0351578987732899,Bray-Curtis,araneae_pitfall,species_regional_congeneric_10pct,species_error_regional_pool,species_baseline,species_units,3
t360_mean,3.04197354062232,2.9463263015929124,-0.09564723902940742,Bray-Curtis,araneae_pitfall,species_regional_congeneric_10pct,species_error_regional_pool,species_baseline,species_units,3
Geographic,1.0441512519075722,1.1708939609072917,0.1267427089997195,Sørensen,araneae_pitfall,species_regional_congeneric_10pct,species_error_regional_pool,species_baseline,species_units,3
mos,1.1022841098370493,1.0030405766382482,-0.09924353319880108,Sørensen,araneae_pitfall,species_regional_congeneric_10pct,species_error_regional_pool,species_baseline,species_units,3
p_h,1.2354283202223237,1.2063114220875542,-0.029116898134769587,Sørensen,araneae_pitfall,species_regional_congeneric_10pct,species_error_regional_pool,species_baseline,species_units,3
t360_mean,2.389340221044481,2.3322823001578064,-0.05705792088667483,Sørensen,araneae_pitfall,species_regional_congeneric_10pct,species_error_regional_pool,species_baseline,species_units,3
Geographic,1.4283364803891756,1.426675959377956,-0.0016605210112194957,Bray-Curtis,araneae_pitfall,species_observed_congeneric_10pct,species_error_observed_pool,species_baseline,species_units,4
mos,1.543006046839468,1.4163303961900708,-0.12667565064939712,Bray-Curtis,araneae_pitfall,species_observed_congeneric_10pct,species_error_observed_pool,species_baseline,species_units,4
p_h,1.4199243388242537,1.0850373372004027,-0.334887001623851,Bray-Curtis,araneae_pitfall,species_observed_congeneric_10pct,species_error_observed_pool,species_baseline,species_units,4
t360_mean,3.04197354062232,2.907053319674837,-0.13492022094748268,Bray-Curtis,araneae_pitfall,species_observed_congeneric_10pct,species_error_observed_pool,species_baseline,species_units,4
Geographic,1.0441512519075722,1.028479008563694,-0.01567224334387829,Sørensen,araneae_pitfall,species_observed_congeneric_10pct,species_error_observed_pool,species_baseline,species_units,4
mos,1.1022841098370493,1.0516579181471943,-0.05062619168985494,Sørensen,araneae_pitfall,species_observed_congeneric_10pct,species_error_observed_pool,species_baseline,species_units,4
p_h,1.2354283202223237,0.940003365829216,-0.2954249543931078,Sørensen,araneae_pitfall,species_observed_congeneric_10pct,species_error_observed_pool,species_baseline,species_units,4
t360_mean,2.389340221044481,2.259507754929153,-0.12983246611532806,Sørensen,araneae_pitfall,species_observed_congeneric_10pct,species_error_observed_pool,species_baseline,species_units,4
Geographic,1.4283364803891756,1.4880826465711552,0.05974616618197959,Bray-Curtis,araneae_pitfall,species_observed_rare_weighted_10pct,species_error_rare_weighted,species_baseline,species_units,4
mos,1.543006046839468,1.3751314894381061,-0.1678745574013618,Bray-Curtis,araneae_pitfall,species_observed_rare_weighted_10pct,species_error_rare_weighted,species_baseline,species_units,4
p_h,1.4199243388242537,1.203651763655556,-0.2162725751686978,Bray-Curtis,araneae_pitfall,species_observed_rare_weighted_10pct,species_error_rare_weighted,species_baseline,species_units,4
t360_mean,3.04197354062232,2.3493453137826403,-0.6926282268396795,Bray-Curtis,araneae_pitfall,species_observed_rare_weighted_10pct,species_error_rare_weighted,species_baseline,species_units,4
Geographic,1.0441512519075722,0.9900424959930698,-0.05410875591450237,Sørensen,araneae_pitfall,species_observed_rare_weighted_10pct,species_error_rare_weighted,species_baseline,species_units,4
mos,1.1022841098370493,0.9106003255698623,-0.19168378426718702,Sørensen,araneae_pitfall,species_observed_rare_weighted_10pct,species_error_rare_weighted,species_baseline,species_units,4
p_h,1.2354283202223237,1.1057415248414086,-0.1296867953809151,Sørensen,araneae_pitfall,species_observed_rare_weighted_10pct,species_error_rare_weighted,species_baseline,species_units,4
t360_mean,2.389340221044481,1.9596157809775971,-0.42972444006688404,Sørensen,araneae_pitfall,species_observed_rare_weighted_10pct,species_error_rare_weighted,species_baseline,species_units,4
Geographic,1.4283364803891756,1.6134021682033355,0.18506568781415988,Bray-Curtis,araneae_pitfall,species_regional_congeneric_10pct,species_error_regional_pool,species_baseline,species_units,4
mos,1.543006046839468,1.6391419541094021,0.09613590726993415,Bray-Curtis,araneae_pitfall,species_regional_congeneric_10pct,species_error_regional_pool,species_baseline,species_units,4
p_h,1.4199243388242537,1.253455501583912,-0.16646883724034178,Bray-Curtis,araneae_pitfall,species_regional_congeneric_10pct,species_error_regional_pool,species_baseline,species_units,4
t360_mean,3.04197354062232,3.0601459504243835,0.018172409802063694,Bray-Curtis,araneae_pitfall,species_regional_congeneric_10pct,species_error_regional_pool,species_baseline,species_units,4
Geographic,1.0441512519075722,1.125876722763761,0.08172547085618875,Sørensen,araneae_pitfall,species_regional_congeneric_10pct,species_error_regional_pool,species_baseline,species_units,4
mos,1.1022841098370493,1.2845819786554875,0.18229786881843824,Sørensen,araneae_pitfall,species_regional_congeneric_10pct,species_error_regional_pool,species_baseline,species_units,4
p_h,1.2354283202223237,1.2057720061256443,-0.02965631409667946,Sørensen,araneae_pitfall,species_regional_congeneric_10pct,species_error_regional_pool,species_baseline,species_units,4
t360_mean,2.389340221044481,2.291481220071227,-0.09785900097325406,Sørensen,araneae_pitfall,species_regional_congeneric_10pct,species_error_regional_pool,species_baseline,species_units,4
Geographic,1.4283364803891756,1.4692212935047757,0.040884813115600105,Bray-Curtis,araneae_pitfall,species_observed_congeneric_10pct,species_error_observed_pool,species_baseline,species_units,5
mos,1.543006046839468,1.381041581962397,-0.16196446487707106,Bray-Curtis,araneae_pitfall,species_observed_congeneric_10pct,species_error_observed_pool,species_baseline,species_units,5
p_h,1.4199243388242537,1.2294384932074163,-0.19048584561683746,Bray-Curtis,araneae_pitfall,species_observed_congeneric_10pct,species_error_observed_pool,species_baseline,species_units,5
t360_mean,3.04197354062232,2.9121287375492395,-0.12984480307308033,Bray-Curtis,araneae_pitfall,species_observed_congeneric_10pct,species_error_observed_pool,species_baseline,species_units,5
Geographic,1.0441512519075722,1.1554904529074062,0.11133920099983396,Sørensen,araneae_pitfall,species_observed_congeneric_10pct,species_error_observed_pool,species_baseline,species_units,5
mos,1.1022841098370493,0.926941113387026,-0.17534299645002327,Sørensen,araneae_pitfall,species_observed_congeneric_10pct,species_error_observed_pool,species_baseline,species_units,5
p_h,1.2354283202223237,0.8867392326493574,-0.34868908757296635,Sørensen,araneae_pitfall,species_observed_congeneric_10pct,species_error_observed_pool,species_baseline,species_units,5
t360_mean,2.389340221044481,2.2373605943065225,-0.15197962673795873,Sørensen,araneae_pitfall,species_observed_congeneric_10pct,species_error_observed_pool,species_baseline,species_units,5
Geographic,1.4283364803891756,1.615982287983905,0.18764580759472937,Bray-Curtis,araneae_pitfall,species_observed_rare_weighted_10pct,species_error_rare_weighted,species_baseline,species_units,5
mos,1.543006046839468,1.2696941368077799,-0.2733119100316881,Bray-Curtis,araneae_pitfall,species_observed_rare_weighted_10pct,species_error_rare_weighted,species_baseline,species_units,5
p_h,1.4199243388242537,1.2426949529030993,-0.17722938592115445,Bray-Curtis,araneae_pitfall,species_observed_rare_weighted_10pct,species_error_rare_weighted,species_baseline,species_units,5
t360_mean,3.04197354062232,2.7170815652491886,-0.3248919753731312,Bray-Curtis,araneae_pitfall,species_observed_rare_weighted_10pct,species_error_rare_weighted,species_baseline,species_units,5
Geographic,1.0441512519075722,1.035715361547531,-0.00843589036004122,Sørensen,araneae_pitfall,species_observed_rare_weighted_10pct,species_error_rare_weighted,species_baseline,species_units,5
mos,1.1022841098370493,0.9531123109307561,-0.14917179890629317,Sørensen,araneae_pitfall,species_observed_rare_weighted_10pct,species_error_rare_weighted,species_baseline,species_units,5
p_h,1.2354283202223237,0.8996380069561607,-0.33579031326616304,Sørensen,araneae_pitfall,species_observed_rare_weighted_10pct,species_error_rare_weighted,species_baseline,species_units,5
t360_mean,2.389340221044481,2.098470586013391,-0.2908696350310902,Sørensen,araneae_pitfall,species_observed_rare_weighted_10pct,species_error_rare_weighted,species_baseline,species_units,5
Geographic,1.4283364803891756,1.5393473031446219,0.11101082275544627,Bray-Curtis,araneae_pitfall,species_regional_congeneric_10pct,species_error_regional_pool,species_baseline,species_units,5
mos,1.543006046839468,1.4294001582179081,-0.11360588862155985,Bray-Curtis,araneae_pitfall,species_regional_congeneric_10pct,species_error_regional_pool,species_baseline,species_units,5
p_h,1.4199243388242537,1.2651436370977254,-0.15478070172652836,Bray-Curtis,araneae_pitfall,species_regional_congeneric_10pct,species_error_regional_pool,species_baseline,species_units,5
t360_mean,3.04197354062232,2.9826904300810475,-0.05928311054127233,Bray-Curtis,araneae_pitfall,species_regional_congeneric_10pct,species_error_regional_pool,species_baseline,species_units,5
Geographic,1.0441512519075722,1.1211307555584307,0.07697950365085848,Sørensen,araneae_pitfall,species_regional_congeneric_10pct,species_error_regional_pool,species_baseline,species_units,5
mos,1.1022841098370493,1.0522247843674046,-0.050059325469644644,Sørensen,araneae_pitfall,species_regional_congeneric_10pct,species_error_regional_pool,species_baseline,species_units,5
p_h,1.2354283202223237,1.0609893727704318,-0.17443894745189192,Sørensen,araneae_pitfall,species_regional_congeneric_10pct,species_error_regional_pool,species_baseline,species_units,5
t360_mean,2.389340221044481,2.475279289276228,0.08593906823174668,Sørensen,araneae_pitfall,species_regional_congeneric_10pct,species_error_regional_pool,species_baseline,species_units,5
Geographic,1.4283364803891756,1.4773455725800395,0.04900909219086391,Bray-Curtis,araneae_pitfall,species_observed_congeneric_10pct,species_error_observed_pool,species_baseline,species_units,6
mos,1.543006046839468,1.200665627661073,-0.342340419178395,Bray-Curtis,araneae_pitfall,species_observed_congeneric_10pct,species_error_observed_pool,species_baseline,species_units,6
p_h,1.4199243388242537,1.148235793235551,-0.2716885455887028,Bray-Curtis,araneae_pitfall,species_observed_congeneric_10pct,species_error_observed_pool,species_baseline,species_units,6
t360_mean,3.04197354062232,2.4701245471825475,-0.5718489934397724,Bray-Curtis,araneae_pitfall,species_observed_congeneric_10pct,species_error_observed_pool,species_baseline,species_units,6
Geographic,1.0441512519075722,1.1847899904697923,0.1406387385622201,Sørensen,araneae_pitfall,species_observed_congeneric_10pct,species_error_observed_pool,species_baseline,species_units,6
mos,1.1022841098370493,0.9818456284104377,-0.12043848142661162,Sørensen,araneae_pitfall,species_observed_congeneric_10pct,species_error_observed_pool,species_baseline,species_units,6
p_h,1.2354283202223237,1.0000812486292454,-0.23534707159307833,Sørensen,araneae_pitfall,species_observed_congeneric_10pct,species_error_observed_pool,species_baseline,species_units,6
t360_mean,2.389340221044481,2.39062040205897,0.0012801810144886794,Sørensen,araneae_pitfall,species_observed_congeneric_10pct,species_error_observed_pool,species_baseline,species_units,6
Geographic,1.4283364803891756,1.7471564911658761,0.3188200107767005,Bray-Curtis,araneae_pitfall,species_observed_rare_weighted_10pct,species_error_rare_weighted,species_baseline,species_units,6
mos,1.543006046839468,1.2433000333371274,-0.2997060135023406,Bray-Curtis,araneae_pitfall,species_observed_rare_weighted_10pct,species_error_rare_weighted,species_baseline,species_units,6
p_h,1.4199243388242537,1.2266083052381171,-0.19331603358613658,Bray-Curtis,araneae_pitfall,species_observed_rare_weighted_10pct,species_error_rare_weighted,species_baseline,species_units,6
t360_mean,3.04197354062232,2.547587586363605,-0.494385954258715,Bray-Curtis,araneae_pitfall,species_observed_rare_weighted_10pct,species_error_rare_weighted,species_baseline,species_units,6
Geographic,1.0441512519075722,1.2584882180997417,0.21433696619216946,Sørensen,araneae_pitfall,species_observed_rare_weighted_10pct,species_error_rare_weighted,species_baseline,species_units,6
mos,1.1022841098370493,0.8925688652744918,-0.20971524456255752,Sørensen,araneae_pitfall,species_observed_rare_weighted_10pct,species_error_rare_weighted,species_baseline,species_units,6
p_h,1.2354283202223237,1.0228958111869908,-0.21253250903533294,Sørensen,araneae_pitfall,species_observed_rare_weighted_10pct,species_error_rare_weighted,species_baseline,species_units,6
t360_mean,2.389340221044481,1.890568538867893,-0.4987716821765882,Sørensen,araneae_pitfall,species_observed_rare_weighted_10pct,species_error_rare_weighted,species_baseline,species_units,6
Geographic,1.4283364803891756,1.4276586592131317,-6.77821176043869e-4,Bray-Curtis,araneae_pitfall,species_regional_congeneric_10pct,species_error_regional_pool,species_baseline,species_units,6
mos,1.543006046839468,1.5248077202276291,-0.018198326611838844,Bray-Curtis,araneae_pitfall,species_regional_congeneric_10pct,species_error_regional_pool,species_baseline,species_units,6
p_h,1.4199243388242537,1.3753848246506073,-0.04453951417364643,Bray-Curtis,araneae_pitfall,species_regional_congeneric_10pct,species_error_regional_pool,species_baseline,species_units,6
t360_mean,3.04197354062232,3.1292208472238126,0.08724730660149271,Bray-Curtis,araneae_pitfall,species_regional_congeneric_10pct,species_error_regional_pool,species_baseline,species_units,6
Geographic,1.0441512519075722,1.029250546170319,-0.014900705737253217,Sørensen,araneae_pitfall,species_regional_congeneric_10pct,species_error_regional_pool,species_baseline,species_units,6
mos,1.1022841098370493,1.0587825849352421,-0.04350152490180714,Sørensen,araneae_pitfall,species_regional_congeneric_10pct,species_error_regional_pool,species_baseline,species_units,6
p_h,1.2354283202223237,1.2073071815413992,-0.028121138680924584,Sørensen,araneae_pitfall,species_regional_congeneric_10pct,species_error_regional_pool,species_baseline,species_units,6
t360_mean,2.389340221044481,2.4413820999821247,0.05204187893764356,Sørensen,araneae_pitfall,species_regional_congeneric_10pct,species_error_regional_pool,species_baseline,species_units,6
Geographic,1.4283364803891756,1.6304022893153975,0.20206580892622195,Bray-Curtis,araneae_pitfall,species_observed_congeneric_10pct,species_error_observed_pool,species_baseline,species_units,7
mos,1.543006046839468,1.2722569265755583,-0.2707491202639096,Bray-Curtis,araneae_pitfall,species_observed_congeneric_10pct,species_error_observed_pool,species_baseline,species_units,7
p_h,1.4199243388242537,1.136664681801833,-0.2832596570224206,Bray-Curtis,araneae_pitfall,species_observed_congeneric_10pct,species_error_observed_pool,species_baseline,species_units,7
t360_mean,3.04197354062232,2.349407502113044,-0.692566038509276,Bray-Curtis,araneae_pitfall,species_observed_congeneric_10pct,species_error_observed_pool,species_baseline,species_units,7
Geographic,1.0441512519075722,1.20281388831644,0.1586626364088679,Sørensen,araneae_pitfall,species_observed_congeneric_10pct,species_error_observed_pool,species_baseline,species_units,7
mos,1.1022841098370493,1.0103008753891323,-0.091983234447917,Sørensen,araneae_pitfall,species_observed_congeneric_10pct,species_error_observed_pool,species_baseline,species_units,7
p_h,1.2354283202223237,1.0385152145586178,-0.1969131056637059,Sørensen,araneae_pitfall,species_observed_congeneric_10pct,species_error_observed_pool,species_baseline,species_units,7
t360_mean,2.389340221044481,1.8084894369780227,-0.5808507840664585,Sørensen,araneae_pitfall,species_observed_congeneric_10pct,species_error_observed_pool,species_baseline,species_units,7
Geographic,1.4283364803891756,1.5071002781994718,0.07876379781029619,Bray-Curtis,araneae_pitfall,species_observed_rare_weighted_10pct,species_error_rare_weighted,species_baseline,species_units,7
mos,1.543006046839468,1.3248774423553353,-0.21812860448413263,Bray-Curtis,araneae_pitfall,species_observed_rare_weighted_10pct,species_error_rare_weighted,species_baseline,species_units,7
p_h,1.4199243388242537,1.1736837254194357,-0.24624061340481807,Bray-Curtis,araneae_pitfall,species_observed_rare_weighted_10pct,species_error_rare_weighted,species_baseline,species_units,7
t360_mean,3.04197354062232,2.4180990354813447,-0.6238745051409751,Bray-Curtis,araneae_pitfall,species_observed_rare_weighted_10pct,species_error_rare_weighted,species_baseline,species_units,7
Geographic,1.0441512519075722,1.0233545415715457,-0.02079671033602648,Sørensen,araneae_pitfall,species_observed_rare_weighted_10pct,species_error_rare_weighted,species_baseline,species_units,7
mos,1.1022841098370493,0.9798457993407507,-0.12243831049629861,Sørensen,araneae_pitfall,species_observed_rare_weighted_10pct,species_error_rare_weighted,species_baseline,species_units,7
p_h,1.2354283202223237,0.8791092837113437,-0.35631903651098007,Sørensen,araneae_pitfall,species_observed_rare_weighted_10pct,species_error_rare_weighted,species_baseline,species_units,7
t360_mean,2.389340221044481,1.8581776472712614,-0.5311625737732197,Sørensen,araneae_pitfall,species_observed_rare_weighted_10pct,species_error_rare_weighted,species_baseline,species_units,7
Geographic,1.4283364803891756,1.3523049234208662,-0.07603155696830943,Bray-Curtis,araneae_pitfall,species_regional_congeneric_10pct,species_error_regional_pool,species_baseline,species_units,7
mos,1.543006046839468,1.4809828664725073,-0.06202318036696064,Bray-Curtis,araneae_pitfall,species_regional_congeneric_10pct,species_error_regional_pool,species_baseline,species_units,7
p_h,1.4199243388242537,1.3392137522193606,-0.08071058660489316,Bray-Curtis,araneae_pitfall,species_regional_congeneric_10pct,species_error_regional_pool,species_baseline,species_units,7
t360_mean,3.04197354062232,2.6894442720518295,-0.3525292685704904,Bray-Curtis,araneae_pitfall,species_regional_congeneric_10pct,species_error_regional_pool,species_baseline,species_units,7
Geographic,1.0441512519075722,1.111822776372531,0.06767152446495883,Sørensen,araneae_pitfall,species_regional_congeneric_10pct,species_error_regional_pool,species_baseline,species_units,7
mos,1.1022841098370493,1.1232342957480899,0.020950185911040586,Sørensen,araneae_pitfall,species_regional_congeneric_10pct,species_error_regional_pool,species_baseline,species_units,7
p_h,1.2354283202223237,1.2174291218320357,-0.017999198390288074,Sørensen,araneae_pitfall,species_regional_congeneric_10pct,species_error_regional_pool,species_baseline,species_units,7
t360_mean,2.389340221044481,2.1014089947767847,-0.2879312262676965,Sørensen,araneae_pitfall,species_regional_congeneric_10pct,species_error_regional_pool,species_baseline,species_units,7
Geographic,1.4283364803891756,1.539537780283259,0.11120129989408345,Bray-Curtis,araneae_pitfall,species_observed_congeneric_10pct,species_error_observed_pool,species_baseline,species_units,8
mos,1.543006046839468,1.350781149117525,-0.19222489772194296,Bray-Curtis,araneae_pitfall,species_observed_congeneric_10pct,species_error_observed_pool,species_baseline,species_units,8
p_h,1.4199243388242537,1.2950056440335713,-0.1249186947906824,Bray-Curtis,araneae_pitfall,species_observed_congeneric_10pct,species_error_observed_pool,species_baseline,species_units,8
t360_mean,3.04197354062232,2.701389960873553,-0.34058357974876685,Bray-Curtis,araneae_pitfall,species_observed_congeneric_10pct,species_error_observed_pool,species_baseline,species_units,8
Geographic,1.0441512519075722,1.0445844408197567,4.3318891218446787e-4,Sørensen,araneae_pitfall,species_observed_congeneric_10pct,species_error_observed_pool,species_baseline,species_units,8
mos,1.1022841098370493,1.0130939534716488,-0.08919015636540051,Sørensen,araneae_pitfall,species_observed_congeneric_10pct,species_error_observed_pool,species_baseline,species_units,8
p_h,1.2354283202223237,1.1241006275998695,-0.11132769262245423,Sørensen,araneae_pitfall,species_observed_congeneric_10pct,species_error_observed_pool,species_baseline,species_units,8
t360_mean,2.389340221044481,2.158232302071066,-0.23110791897341532,Sørensen,araneae_pitfall,species_observed_congeneric_10pct,species_error_observed_pool,species_baseline,species_units,8
Geographic,1.4283364803891756,1.4987724768570296,0.07043599646785403,Bray-Curtis,araneae_pitfall,species_observed_rare_weighted_10pct,species_error_rare_weighted,species_baseline,species_units,8
mos,1.543006046839468,1.5037271598684507,-0.039278886971017224,Bray-Curtis,araneae_pitfall,species_observed_rare_weighted_10pct,species_error_rare_weighted,species_baseline,species_units,8
p_h,1.4199243388242537,1.3060359147457463,-0.11388842407850741,Bray-Curtis,araneae_pitfall,species_observed_rare_weighted_10pct,species_error_rare_weighted,species_baseline,species_units,8
t360_mean,3.04197354062232,2.4332276926515712,-0.6087458479707486,Bray-Curtis,araneae_pitfall,species_observed_rare_weighted_10pct,species_error_rare_weighted,species_baseline,species_units,8
Geographic,1.0441512519075722,1.1390394354949862,0.09488818358741402,Sørensen,araneae_pitfall,species_observed_rare_weighted_10pct,species_error_rare_weighted,species_baseline,species_units,8
mos,1.1022841098370493,1.0596641610201412,-0.042619948816908115,Sørensen,araneae_pitfall,species_observed_rare_weighted_10pct,species_error_rare_weighted,species_baseline,species_units,8
p_h,1.2354283202223237,1.059841055409375,-0.17558726481294884,Sørensen,araneae_pitfall,species_observed_rare_weighted_10pct,species_error_rare_weighted,species_baseline,species_units,8
t360_mean,2.389340221044481,2.006698299229591,-0.3826419218148902,Sørensen,araneae_pitfall,species_observed_rare_weighted_10pct,species_error_rare_weighted,species_baseline,species_units,8
Geographic,1.4283364803891756,1.4339078200571564,0.005571339667980846,Bray-Curtis,araneae_pitfall,species_regional_congeneric_10pct,species_error_regional_pool,species_baseline,species_units,8
mos,1.543006046839468,1.5382514601608515,-0.004754586678616501,Bray-Curtis,araneae_pitfall,species_regional_congeneric_10pct,species_error_regional_pool,species_baseline,species_units,8
p_h,1.4199243388242537,1.4334277263738366,0.013503387549582913,Bray-Curtis,araneae_pitfall,species_regional_congeneric_10pct,species_error_regional_pool,species_baseline,species_units,8
t360_mean,3.04197354062232,2.8396524263211287,-0.20232111430119115,Bray-Curtis,araneae_pitfall,species_regional_congeneric_10pct,species_error_regional_pool,species_baseline,species_units,8
Geographic,1.0441512519075722,1.1241196940458613,0.07996844213828913,Sørensen,araneae_pitfall,species_regional_congeneric_10pct,species_error_regional_pool,species_baseline,species_units,8
mos,1.1022841098370493,1.0976686254133607,-0.004615484423688532,Sørensen,araneae_pitfall,species_regional_congeneric_10pct,species_error_regional_pool,species_baseline,species_units,8
p_h,1.2354283202223237,1.324941122852724,0.08951280263040018,Sørensen,araneae_pitfall,species_regional_congeneric_10pct,species_error_regional_pool,species_baseline,species_units,8
t360_mean,2.389340221044481,2.296161586421967,-0.09317863462251408,Sørensen,araneae_pitfall,species_regional_congeneric_10pct,species_error_regional_pool,species_baseline,species_units,8
Geographic,1.4283364803891756,1.5763516674415403,0.14801518705236472,Bray-Curtis,araneae_pitfall,species_observed_congeneric_10pct,species_error_observed_pool,species_baseline,species_units,9
mos,1.543006046839468,1.4139283688514661,-0.12907767798800185,Bray-Curtis,araneae_pitfall,species_observed_congeneric_10pct,species_error_observed_pool,species_baseline,species_units,9
p_h,1.4199243388242537,1.1496717352250787,-0.270252603599175,Bray-Curtis,araneae_pitfall,species_observed_congeneric_10pct,species_error_observed_pool,species_baseline,species_units,9
t360_mean,3.04197354062232,2.91311530564266,-0.12885823497965987,Bray-Curtis,araneae_pitfall,species_observed_congeneric_10pct,species_error_observed_pool,species_baseline,species_units,9
Geographic,1.0441512519075722,1.288623510056738,0.24447225814916584,Sørensen,araneae_pitfall,species_observed_congeneric_10pct,species_error_observed_pool,species_baseline,species_units,9
mos,1.1022841098370493,1.0016102474480477,-0.10067386238900156,Sørensen,araneae_pitfall,species_observed_congeneric_10pct,species_error_observed_pool,species_baseline,species_units,9
p_h,1.2354283202223237,0.988146675238271,-0.2472816449840527,Sørensen,araneae_pitfall,species_observed_congeneric_10pct,species_error_observed_pool,species_baseline,species_units,9
t360_mean,2.389340221044481,2.455076922585436,0.0657367015409549,Sørensen,araneae_pitfall,species_observed_congeneric_10pct,species_error_observed_pool,species_baseline,species_units,9
Geographic,1.4283364803891756,1.3557025454027023,-0.0726339349864733,Bray-Curtis,araneae_pitfall,species_observed_rare_weighted_10pct,species_error_rare_weighted,species_baseline,species_units,9
mos,1.543006046839468,1.4963845895289494,-0.04662145731051859,Bray-Curtis,araneae_pitfall,species_observed_rare_weighted_10pct,species_error_rare_weighted,species_baseline,species_units,9
p_h,1.4199243388242537,1.155397631694017,-0.2645267071302366,Bray-Curtis,araneae_pitfall,species_observed_rare_weighted_10pct,species_error_rare_weighted,species_baseline,species_units,9
t360_mean,3.04197354062232,2.6497230864856043,-0.39225045413671555,Bray-Curtis,araneae_pitfall,species_observed_rare_weighted_10pct,species_error_rare_weighted,species_baseline,species_units,9
Geographic,1.0441512519075722,0.8725492243609858,-0.17160202754658638,Sørensen,araneae_pitfall,species_observed_rare_weighted_10pct,species_error_rare_weighted,species_baseline,species_units,9
mos,1.1022841098370493,1.0779377857953036,-0.024346324041745637,Sørensen,araneae_pitfall,species_observed_rare_weighted_10pct,species_error_rare_weighted,species_baseline,species_units,9
p_h,1.2354283202223237,0.8302456365373916,-0.40518268368493215,Sørensen,araneae_pitfall,species_observed_rare_weighted_10pct,species_error_rare_weighted,species_baseline,species_units,9
t360_mean,2.389340221044481,2.0782222656323697,-0.3111179554121115,Sørensen,araneae_pitfall,species_observed_rare_weighted_10pct,species_error_rare_weighted,species_baseline,species_units,9
Geographic,1.4283364803891756,1.5238596838520457,0.09552320346287013,Bray-Curtis,araneae_pitfall,species_regional_congeneric_10pct,species_error_regional_pool,species_baseline,species_units,9
mos,1.543006046839468,1.3737973397048115,-0.1692087071346564,Bray-Curtis,araneae_pitfall,species_regional_congeneric_10pct,species_error_regional_pool,species_baseline,species_units,9
p_h,1.4199243388242537,1.3244368534288493,-0.09548748539540441,Bray-Curtis,araneae_pitfall,species_regional_congeneric_10pct,species_error_regional_pool,species_baseline,species_units,9
t360_mean,3.04197354062232,2.958580576012759,-0.08339296460956103,Bray-Curtis,araneae_pitfall,species_regional_congeneric_10pct,species_error_regional_pool,species_baseline,species_units,9
Geographic,1.0441512519075722,1.1034389689963056,0.05928771708873337,Sørensen,araneae_pitfall,species_regional_congeneric_10pct,species_error_regional_pool,species_baseline,species_units,9
mos,1.1022841098370493,1.0776635459328956,-0.02462056390415368,Sørensen,araneae_pitfall,species_regional_congeneric_10pct,species_error_regional_pool,species_baseline,species_units,9
p_h,1.2354283202223237,1.1124711507346237,-0.12295716948770008,Sørensen,araneae_pitfall,species_regional_congeneric_10pct,species_error_regional_pool,species_baseline,species_units,9
t360_mean,2.389340221044481,2.451982894522441,0.06264267347795993,Sørensen,araneae_pitfall,species_regional_congeneric_10pct,species_error_regional_pool,species_baseline,species_units,9
Geographic,1.4283364803891756,1.4474510931188804,0.019114612729704827,Bray-Curtis,araneae_pitfall,species_observed_congeneric_10pct,species_error_observed_pool,species_baseline,species_units,10
mos,1.543006046839468,1.4699360175859653,-0.0730700292535027,Bray-Curtis,araneae_pitfall,species_observed_congeneric_10pct,species_error_observed_pool,species_baseline,species_units,10
p_h,1.4199243388242537,1.2574877655740258,-0.16243657325022798,Bray-Curtis,araneae_pitfall,species_observed_congeneric_10pct,species_error_observed_pool,species_baseline,species_units,10
t360_mean,3.04197354062232,2.533218261123384,-0.5087552794989358,Bray-Curtis,araneae_pitfall,species_observed_congeneric_10pct,species_error_observed_pool,species_baseline,species_units,10
Geographic,1.0441512519075722,0.9437719132738769,-0.1003793386336953,Sørensen,araneae_pitfall,species_observed_congeneric_10pct,species_error_observed_pool,species_baseline,species_units,10
mos,1.1022841098370493,0.942344758747704,-0.15993935108934532,Sørensen,araneae_pitfall,species_observed_congeneric_10pct,species_error_observed_pool,species_baseline,species_units,10
p_h,1.2354283202223237,1.0155066983289078,-0.2199216218934159,Sørensen,araneae_pitfall,species_observed_congeneric_10pct,species_error_observed_pool,species_baseline,species_units,10
t360_mean,2.389340221044481,1.9497661369442207,-0.43957408410026044,Sørensen,araneae_pitfall,species_observed_congeneric_10pct,species_error_observed_pool,species_baseline,species_units,10
Geographic,1.4283364803891756,1.3761659350516118,-0.05217054533756382,Bray-Curtis,araneae_pitfall,species_observed_rare_weighted_10pct,species_error_rare_weighted,species_baseline,species_units,10
mos,1.543006046839468,1.2682716088589179,-0.2747344379805501,Bray-Curtis,araneae_pitfall,species_observed_rare_weighted_10pct,species_error_rare_weighted,species_baseline,species_units,10
p_h,1.4199243388242537,1.2220713486749488,-0.1978529901493049,Bray-Curtis,araneae_pitfall,species_observed_rare_weighted_10pct,species_error_rare_weighted,species_baseline,species_units,10
t360_mean,3.04197354062232,2.0061737348206066,-1.0357998058017133,Bray-Curtis,araneae_pitfall,species_observed_rare_weighted_10pct,species_error_rare_weighted,species_baseline,species_units,10
Geographic,1.0441512519075722,0.8803312522584793,-0.16381999964909288,Sørensen,araneae_pitfall,species_observed_rare_weighted_10pct,species_error_rare_weighted,species_baseline,species_units,10
mos,1.1022841098370493,0.8468919563278151,-0.25539215350923417,Sørensen,araneae_pitfall,species_observed_rare_weighted_10pct,species_error_rare_weighted,species_baseline,species_units,10
p_h,1.2354283202223237,0.9254090769111502,-0.3100192433111736,Sørensen,araneae_pitfall,species_observed_rare_weighted_10pct,species_error_rare_weighted,species_baseline,species_units,10
t360_mean,2.389340221044481,1.744451429497064,-0.6448887915474171,Sørensen,araneae_pitfall,species_observed_rare_weighted_10pct,species_error_rare_weighted,species_baseline,species_units,10
Geographic,1.4283364803891756,1.4690060920718762,0.04066961168270056,Bray-Curtis,araneae_pitfall,species_regional_congeneric_10pct,species_error_regional_pool,species_baseline,species_units,10
mos,1.543006046839468,1.3633096446097166,-0.17969640222975136,Bray-Curtis,araneae_pitfall,species_regional_congeneric_10pct,species_error_regional_pool,species_baseline,species_units,10
p_h,1.4199243388242537,1.3621594775051555,-0.05776486131909819,Bray-Curtis,araneae_pitfall,species_regional_congeneric_10pct,species_error_regional_pool,species_baseline,species_units,10
t360_mean,3.04197354062232,2.9473763109307693,-0.09459722969155049,Bray-Curtis,araneae_pitfall,species_regional_congeneric_10pct,species_error_regional_pool,species_baseline,species_units,10
Geographic,1.0441512519075722,1.1034281003340507,0.05927684842647851,Sørensen,araneae_pitfall,species_regional_congeneric_10pct,species_error_regional_pool,species_baseline,species_units,10
mos,1.1022841098370493,0.9218219179847954,-0.18046219185225387,Sørensen,araneae_pitfall,species_regional_congeneric_10pct,species_error_regional_pool,species_baseline,species_units,10
p_h,1.2354283202223237,1.0882053212807201,-0.14722299894160362,Sørensen,araneae_pitfall,species_regional_congeneric_10pct,species_error_regional_pool,species_baseline,species_units,10
t360_mean,2.389340221044481,2.414708069415977,0.02536784837149586,Sørensen,araneae_pitfall,species_regional_congeneric_10pct,species_error_regional_pool,species_baseline,species_units,10
Geographic,1.4283364803891756,1.4492349896863583,0.020898509297182732,Bray-Curtis,araneae_pitfall,species_observed_congeneric_10pct,species_error_observed_pool,species_baseline,species_units,11
mos,1.543006046839468,1.366467089612017,-0.17653895722745094,Bray-Curtis,araneae_pitfall,species_observed_congeneric_10pct,species_error_observed_pool,species_baseline,species_units,11
p_h,1.4199243388242537,1.2061508303882809,-0.21377350843597287,Bray-Curtis,araneae_pitfall,species_observed_congeneric_10pct,species_error_observed_pool,species_baseline,species_units,11
t360_mean,3.04197354062232,2.693443723744367,-0.3485298168779529,Bray-Curtis,araneae_pitfall,species_observed_congeneric_10pct,species_error_observed_pool,species_baseline,species_units,11
Geographic,1.0441512519075722,1.0002684580188723,-0.04388279388869987,Sørensen,araneae_pitfall,species_observed_congeneric_10pct,species_error_observed_pool,species_baseline,species_units,11
mos,1.1022841098370493,1.0568067285078437,-0.045477381329205535,Sørensen,araneae_pitfall,species_observed_congeneric_10pct,species_error_observed_pool,species_baseline,species_units,11
p_h,1.2354283202223237,1.038032921015212,-0.1973953992071118,Sørensen,araneae_pitfall,species_observed_congeneric_10pct,species_error_observed_pool,species_baseline,species_units,11
t360_mean,2.389340221044481,2.1995949613286108,-0.18974525971587042,Sørensen,araneae_pitfall,species_observed_congeneric_10pct,species_error_observed_pool,species_baseline,species_units,11
Geographic,1.4283364803891756,1.3901281596771917,-0.03820832071198388,Bray-Curtis,araneae_pitfall,species_observed_rare_weighted_10pct,species_error_rare_weighted,species_baseline,species_units,11
mos,1.543006046839468,1.4862811349896785,-0.05672491184978945,Bray-Curtis,araneae_pitfall,species_observed_rare_weighted_10pct,species_error_rare_weighted,species_baseline,species_units,11
p_h,1.4199243388242537,1.3017721377078835,-0.11815220111637026,Bray-Curtis,araneae_pitfall,species_observed_rare_weighted_10pct,species_error_rare_weighted,species_baseline,species_units,11
t360_mean,3.04197354062232,2.49461278440293,-0.5473607562193896,Bray-Curtis,araneae_pitfall,species_observed_rare_weighted_10pct,species_error_rare_weighted,species_baseline,species_units,11
Geographic,1.0441512519075722,0.9399988125406975,-0.10415243936687468,Sørensen,araneae_pitfall,species_observed_rare_weighted_10pct,species_error_rare_weighted,species_baseline,species_units,11
mos,1.1022841098370493,1.0187809055404473,-0.08350320429660196,Sørensen,araneae_pitfall,species_observed_rare_weighted_10pct,species_error_rare_weighted,species_baseline,species_units,11
p_h,1.2354283202223237,1.0568003385085214,-0.17862798171380234,Sørensen,araneae_pitfall,species_observed_rare_weighted_10pct,species_error_rare_weighted,species_baseline,species_units,11
t360_mean,2.389340221044481,1.9923311936694135,-0.3970090273750677,Sørensen,araneae_pitfall,species_observed_rare_weighted_10pct,species_error_rare_weighted,species_baseline,species_units,11
Geographic,1.4283364803891756,1.4122788252099405,-0.016057655179235075,Bray-Curtis,araneae_pitfall,species_regional_congeneric_10pct,species_error_regional_pool,species_baseline,species_units,11
mos,1.543006046839468,1.5392646329954656,-0.0037414138440023947,Bray-Curtis,araneae_pitfall,species_regional_congeneric_10pct,species_error_regional_pool,species_baseline,species_units,11
p_h,1.4199243388242537,1.3730005675544301,-0.04692377126982361,Bray-Curtis,araneae_pitfall,species_regional_congeneric_10pct,species_error_regional_pool,species_baseline,species_units,11
t360_mean,3.04197354062232,3.1226855634820736,0.08071202285975376,Bray-Curtis,araneae_pitfall,species_regional_congeneric_10pct,species_error_regional_pool,species_baseline,species_units,11
Geographic,1.0441512519075722,0.9324050759516334,-0.11174617595593883,Sørensen,araneae_pitfall,species_regional_congeneric_10pct,species_error_regional_pool,species_baseline,species_units,11
mos,1.1022841098370493,1.005580198683445,-0.09670391115360433,Sørensen,araneae_pitfall,species_regional_congeneric_10pct,species_error_regional_pool,species_baseline,species_units,11
p_h,1.2354283202223237,1.1646108263028783,-0.07081749391944547,Sørensen,araneae_pitfall,species_regional_congeneric_10pct,species_error_regional_pool,species_baseline,species_units,11
t360_mean,2.389340221044481,2.5203339528578534,0.13099373181337226,Sørensen,araneae_pitfall,species_regional_congeneric_10pct,species_error_regional_pool,species_baseline,species_units,11
Geographic,1.4283364803891756,1.563751441651714,0.13541496126253838,Bray-Curtis,araneae_pitfall,species_observed_congeneric_10pct,species_error_observed_pool,species_baseline,species_units,12
mos,1.543006046839468,1.404550637191365,-0.138455409648103,Bray-Curtis,araneae_pitfall,species_observed_congeneric_10pct,species_error_observed_pool,species_baseline,species_units,12
p_h,1.4199243388242537,1.3094368575699964,-0.11048748125425734,Bray-Curtis,araneae_pitfall,species_observed_congeneric_10pct,species_error_observed_pool,species_baseline,species_units,12
t360_mean,3.04197354062232,2.6724653019033178,-0.36950823871900207,Bray-Curtis,araneae_pitfall,species_observed_congeneric_10pct,species_error_observed_pool,species_baseline,species_units,12
Geographic,1.0441512519075722,0.9777119028961314,-0.06643934901144077,Sørensen,araneae_pitfall,species_observed_congeneric_10pct,species_error_observed_pool,species_baseline,species_units,12
mos,1.1022841098370493,1.1096285996868414,0.00734448984979208,Sørensen,araneae_pitfall,species_observed_congeneric_10pct,species_error_observed_pool,species_baseline,species_units,12
p_h,1.2354283202223237,1.2069675572853866,-0.028460762936937112,Sørensen,araneae_pitfall,species_observed_congeneric_10pct,species_error_observed_pool,species_baseline,species_units,12
t360_mean,2.389340221044481,2.187369953964179,-0.20197026708030208,Sørensen,araneae_pitfall,species_observed_congeneric_10pct,species_error_observed_pool,species_baseline,species_units,12
Geographic,1.4283364803891756,1.4912880192899358,0.06295153890076022,Bray-Curtis,araneae_pitfall,species_observed_rare_weighted_10pct,species_error_rare_weighted,species_baseline,species_units,12
mos,1.543006046839468,1.3503042834404477,-0.19270176339902023,Bray-Curtis,araneae_pitfall,species_observed_rare_weighted_10pct,species_error_rare_weighted,species_baseline,species_units,12
p_h,1.4199243388242537,1.2304688162909665,-0.18945552253328724,Bray-Curtis,araneae_pitfall,species_observed_rare_weighted_10pct,species_error_rare_weighted,species_baseline,species_units,12
t360_mean,3.04197354062232,2.502388652684286,-0.5395848879380338,Bray-Curtis,araneae_pitfall,species_observed_rare_weighted_10pct,species_error_rare_weighted,species_baseline,species_units,12
Geographic,1.0441512519075722,0.9806881167742801,-0.06346313513329205,Sørensen,araneae_pitfall,species_observed_rare_weighted_10pct,species_error_rare_weighted,species_baseline,species_units,12
mos,1.1022841098370493,0.960941155991431,-0.14134295384561824,Sørensen,araneae_pitfall,species_observed_rare_weighted_10pct,species_error_rare_weighted,species_baseline,species_units,12
p_h,1.2354283202223237,0.9530727323582304,-0.2823555878640933,Sørensen,araneae_pitfall,species_observed_rare_weighted_10pct,species_error_rare_weighted,species_baseline,species_units,12
t360_mean,2.389340221044481,1.8604074688765784,-0.5289327521679028,Sørensen,araneae_pitfall,species_observed_rare_weighted_10pct,species_error_rare_weighted,species_baseline,species_units,12
Geographic,1.4283364803891756,1.4803271177510446,0.05199063736186904,Bray-Curtis,araneae_pitfall,species_regional_congeneric_10pct,species_error_regional_pool,species_baseline,species_units,12
mos,1.543006046839468,1.3443060122788872,-0.19870003456058072,Bray-Curtis,araneae_pitfall,species_regional_congeneric_10pct,species_error_regional_pool,species_baseline,species_units,12
p_h,1.4199243388242537,1.3968853148026772,-0.023039024021576537,Bray-Curtis,araneae_pitfall,species_regional_congeneric_10pct,species_error_regional_pool,species_baseline,species_units,12
t360_mean,3.04197354062232,2.9019157964441638,-0.14005774417815609,Bray-Curtis,araneae_pitfall,species_regional_congeneric_10pct,species_error_regional_pool,species_baseline,species_units,12
Geographic,1.0441512519075722,1.1722813456517927,0.12813009374422046,Sørensen,araneae_pitfall,species_regional_congeneric_10pct,species_error_regional_pool,species_baseline,species_units,12
mos,1.1022841098370493,1.0636790722787772,-0.03860503755827205,Sørensen,araneae_pitfall,species_regional_congeneric_10pct,species_error_regional_pool,species_baseline,species_units,12
p_h,1.2354283202223237,1.2859212304863348,0.05049291026401104,Sørensen,araneae_pitfall,species_regional_congeneric_10pct,species_error_regional_pool,species_baseline,species_units,12
t360_mean,2.389340221044481,2.3908600729766327,0.0015198519321515391,Sørensen,araneae_pitfall,species_regional_congeneric_10pct,species_error_regional_pool,species_baseline,species_units,12
